,ITPKB,ITPKB,ITPKB,IP6K2,IP6K2,IP6K2,IP6K1,IP6K1,IP6K1,PPIP5K2,PPIP5K2,PPIP5K2,IP6K3,IP6K3,IP6K3,IPPK,IPPK,IPPK,IPMK,IPMK,IPMK,ITPK1,ITPK1,ITPK1,ITPKA,ITPKA,ITPKA,PPIP5K1,PPIP5K1,PPIP5K1,ITPKC,ITPKC,ITPKC
,mean,std,count,mean,std,count,mean,std,count,mean,std,count,mean,std,count,mean,std,count,mean,std,count,mean,std,count,mean,std,count,mean,std,count,mean,std,count
Gene,,,,,,,,,,,,,,,,,,,,,,,,,,,,,,,,,
Adipose Tissue: Adipose - Subcutaneous,12.487476103007795,3.591997839134642,128,13.685221206396818,3.9940652515114152,128,12.68774792924523,2.652397523415312,128,2.682995180599392,0.6658826005727226,128,1.4884299908953837,2.2674304392234914,128,2.237532605417073,0.5425299982106204,128,2.884572569280863,1.299230615088094,128,22.853711623698473,7.596229604906081,128,0.1250789977129898,0.0903457561833924,128,2.576404827646911,0.878118496850952,128,28.35159812122583,13.085977232812546,128
Adipose Tissue: Adipose - Visceral (Omentum),13.243254015522623,3.508796367637139,31,13.609529925930886,4.480156265826261,31,11.355997208626036,1.826263615125169,31,2.4042189236610176,0.4754077703182592,31,1.1399939641837147,1.3292510414823373,31,2.868331659224725,0.7617509024734767,31,2.3067887944559895,1.0572984613120475,31,16.450074165098126,7.004318155234571,31,0.18068762688386827,0.12549241845450776,31,2.0925832294648696,0.9091027814706794,31,38.16215181350707,30.102673209164145,31
Adrenal Gland: Adrenal Gland,2.9074821976514964,0.7016294913280479,52,22.39210413052485,5.159313719901619,52,13.534762199108421,1.682729586223115,52,2.6900846522587996,0.43846257474461503,52,0.2958002044962575,0.2051103622302879,52,3.8861402089779196,1.1027050227402473,52,1.123441446859103,0.5742401753465443,52,9.002555617919333,2.8223214976149396,52,7.018509511764233,3.8441336519165668,52,6.22584730386734,1.0333953075110858,52,10.158471776888918,2.4740591271049337,52
Bladder: Bladder,26.770809303630493,19.619843812710467,11,19.01269752329046,10.660340793068535,11,13.143262342973197,2.649872946464838,11,2.5019628784873276,0.6611111121541579,11,1.7451704401861527,1.9478573273139645,11,2.492022893645546,0.6434759812617313,11,1.6427729292349376,0.673738838295096,11,22.669456828724247,14.682363334505457,11,0.5064556327733128,0.3440963127821994,11,4.000045993111349,0.7711970809183155,11,19.042914563959297,7.32745386672065,11
Blood Vessel: Artery - Aorta,5.978953149260544,1.5686783900467318,82,11.333188033685452,2.778686250735283,82,11.672730236518676,1.7863368802371349,82,3.47363659085297,0.9750289954484307,82,0.35505708626176163,0.3159365535009703,82,2.0817334077707152,0.5418437735546368,82,0.9148355671545356,0.32655589861288375,82,14.556101961833672,2.974099273931994,82,0.1631122157659109,0.10727684596130178,82,2.154049602950492,0.4671258703533379,82,17.638450093385657,8.389935047688663,82
Blood Vessel: Artery - Coronary,5.173199734904551,1.8849561360320055,44,15.866605270992626,5.448518984634621,44,13.0379123471,1.8189322212479717,44,4.06031225215305,1.2956139869216783,44,1.4272324388677415,1.1813313374475864,44,2.351602454077114,0.5255759960228725,44,1.0217459167946468,0.4070207817312908,44,22.58809906786139,7.428452188064317,44,0.15152132506905627,0.09002783976112885,44,2.0235386490821843,0.6658229156901386,44,16.384741122072395,6.255123244896736,44
Blood Vessel: Artery - Tibial,4.0221225506197795,1.6960606797918754,137,9.497198706995832,2.774930783714799,137,13.774427441784935,2.5948305977659962,137,3.062466309018379,0.9709106866294076,137,0.9408078793381905,1.0614830698734903,137,1.8025980700541588,0.42838808687674473,137,1.5832247253317033,0.6866347983817069,137,22.946494972618826,8.11627843908489,137,0.13225262645414496,0.1142842749833681,137,1.8331895992703684,0.5443317500336341,137,15.565444615635558,8.010091502517561,137
Blood: Cells - EBV-transformed lymphocytes,5.423450313232564,2.383008622686279,54,11.828655666775179,1.4773634080636275,54,8.525621546639336,1.5510228984598295,54,4.677176824322453,0.875470848770793,54,0.03833247398681662,0.03786938467664717,54,6.256850843076353,0.843713246897258,54,3.776775388805955,1.3062174113824239,54,11.36577548804106,4.125946334123407,54,1.1141841593715878,0.572727457920911,54,3.030858256198741,0.5050368136064582,54,4.994413636348866,1.1639152906953496,54
Blood: Whole Blood,8.778693729046127,4.34632903821731,191,6.089472079776344,2.27558790467243,191,14.871449647773623,7.436077046357556,191,1.2889955091577863,1.0792931470291487,191,0.20937886937028918,0.6774032594939924,191,1.0505096529907894,0.6369558307041894,191,3.2447870741964007,2.567258926170174,191,21.884706243794625,12.076765107481119,191,0.09266152417199462,0.09686702547540114,191,0.4932288379257263,0.38298886130929854,191,20.266686040693553,21.214952605124875,191
Brain: Brain - Amygdala,33.18438540972196,9.647817255836621,26,10.20282925092257,2.9826496402046074,26,16.42670492025522,4.403764986957059,26,1.4369864303332105,0.44061186011683323,26,1.9022230915725227,1.638817751203793,26,2.1940515431073995,0.7010328079524999,26,1.4239947864642513,0.3392032184344718,26,42.95944822751559,10.109984938314197,26,13.95046352423154,8.487578182771513,26,3.456992892118601,1.119139328358911,26,5.125311191265398,5.093576524879492,26
Brain: Brain - Anterior cingulate cortex (BA24),23.253047498789698,14.449706414012235,22,10.003916588696558,2.667041333513232,22,21.076022971760132,5.973835296774505,22,2.1706847060810444,0.8577718087226426,22,1.9798214374618077,3.6292294566443637,22,2.6711556532166214,0.9639049360229711,22,1.5443961999633091,0.42780390334524165,22,43.91100293939764,9.089288571619564,22,25.54722173647447,17.076551734075206,22,6.039473501118748,2.6094726185201917,22,4.0821044282479715,2.761501703713701,22
Brain: Brain - Caudate (basal ganglia),34.8268979522917,14.889018146890907,36,11.676752871937222,3.472601441738544,36,16.739663600921627,4.155588053432655,36,1.6638287305831916,0.5746331667850108,36,1.8571383348769603,1.5596260823674513,36,2.7120621121591992,0.849632027614229,36,1.571022679408391,0.48857913318699403,36,40.70409949620565,9.924687923691145,36,24.090706328550965,13.412402470540023,36,4.116258637772666,1.4609751537021665,36,5.279310325781505,3.9841116132501044,36
Brain: Brain - Cerebellar Hemisphere,8.501070647404104,3.6310424113641098,29,39.48121281327873,13.86707581823307,29,31.236914799131192,4.216070748491872,29,4.455371223647019,1.7506940731861218,29,0.36360673914695607,0.24637597859755303,29,7.007905294155252,2.087852359369043,29,2.9494422345325875,0.9467107644015502,29,19.25076866149902,3.8395927103731244,29,2.7330921220368363,1.9644920254343472,29,24.318399166238716,3.7909117869990747,29,5.658936936279823,1.1652401506085468,29
Brain: Brain - Cerebellum,13.543301366990605,5.268991129411095,31,39.42750783120432,9.036277624025436,31,36.43186815323369,3.2910140927002627,31,4.533747811471263,1.6932211740878726,31,0.6112385521973335,0.37113040934988684,31,6.0448417971211095,1.1711399454567006,31,2.237308017669185,0.6418200547758186,31,23.696990074649925,5.694433821133188,31,5.528658447727081,2.6883782138800507,31,27.45132870827953,3.8693809668779937,31,5.90658736998035,1.0232258683158457,31
Brain: Brain - Cortex,26.24137678146363,16.293765245815337,25,11.803260059356683,2.5913459214104972,25,33.18367218017578,5.294058081186849,25,2.0795189332962036,0.7039831111358948,25,1.5097692728042602,1.4974386877989585,25,3.100232915878296,0.766862941968724,25,1.1211545062065131,0.39892370522603043,25,55.080255126953126,9.608128282468929,25,40.58858959197997,17.62841108199121,25,8.054963655471802,1.6451426558286744,25,5.913236837387084,3.413774704718417,25
Brain: Brain - Frontal Cortex (BA9),22.47923046350479,14.250919683869803,28,11.191413249288292,2.761908302292254,28,26.615818704877576,6.4168865814589635,28,2.386413569961276,0.8695573988776955,28,1.0617450667279105,1.7096509115974294,28,3.222986962114061,1.06974399055233,28,1.5131981330258495,0.42352598127014146,28,49.21775920050485,8.166700834517377,28,31.509495360510694,15.059772289054862,28,6.658621532576425,2.0462073179218194,28,5.1552306754248445,2.6339286637236503,28
Brain: Brain - Hippocampus,26.548314775739396,14.230449941841831,28,9.789885469845368,2.804247155799363,28,17.144709910665238,6.085926022069216,28,1.4846119667802533,0.4203717574630704,28,2.6027255494679724,2.3017091492312205,28,2.461502115641321,1.1237357122806935,28,1.336313701101711,0.3488562631574439,28,46.3441173689706,10.084207482398366,28,14.830025377018112,10.955287308245271,28,3.674398903335843,1.4026596629601165,28,3.887527321066176,2.459971772765035,28
Brain: Brain - Hypothalamus,27.701392332712793,13.237733219248678,30,12.491560045878092,3.4845013427964227,30,18.90970505873362,6.50879058886293,30,2.3395605882008876,1.0159922722538566,30,2.5733014245827985,2.4856731502598106,30,3.1283457080523167,1.0747385529506503,30,1.689897437890371,0.6058402750206592,30,35.73080514272054,9.57112214646291,30,2.5434718698263166,8.652919496946632,30,5.4137264331181845,2.194824495159022,30,4.959554163614912,2.8631936342763766,30
Brain: Brain - Nucleus accumbens (basal ganglia),29.72147771716117,11.866472300833019,32,14.01103848218918,4.756933663722612,32,20.132915914058678,4.985567021220424,32,1.8029155675321809,0.6520016896222068,32,1.0783854182809594,0.9042572474836398,32,3.256659340113402,1.1957987331431486,32,1.63016620837152,0.5036204425315444,32,39.38030689954757,7.315246852281744,32,23.703346550464634,11.279569512961734,32,5.3095679469406605,1.9298488127990832,32,4.896850839257241,3.843371588331146,32
Brain: Brain - Putamen (basal ganglia),28.15099112192789,12.35485105634969,24,9.55817445119222,2.5165733148362985,24,14.708159665266676,4.765672623761854,24,1.3415071417888003,0.7652119648815376,24,1.8852325628201168,1.3679955679603724,24,2.336975139876207,0.9774137681498628,24,1.281510574122269,0.5606169810493561,24,43.2532976468404,7.658934964989528,24,25.41075127323469,16.823626807104034,24,3.6249761233727136,1.6638142766453068,24,4.237439811229706,3.1371975095366498,24
Brain: Brain - Spinal cord (cervical c-1),27.31178092956543,6.800311080644707,19,7.164981942427781,1.997174401767668,19,10.21752169257716,3.659419248962782,19,1.526379695064144,0.5921700851194723,19,6.182421897587025,3.8788676960176462,19,2.248431143007781,0.818807341214664,19,1.3633055781063295,0.43271438731826045,19,40.10911258898283,4.500528085857806,19,0.4141725737013314,0.2684430001076677,19,2.7767829455827404,1.357686563247716,19,3.8732112583361173,3.264793779272756,19
Brain: Brain - Substantia nigra,38.19456347712764,14.43249194594829,27,9.898329611177799,4.024992471077519,27,12.961379669330741,4.476572531379831,27,1.9186067205888253,0.9014459085311743,27,5.082422158232436,4.371298192629289,27,2.4492280041729972,1.0280108895704372,27,1.3723981027249943,0.5214932539371427,27,39.53892757274485,10.493302342079954,27,4.350325043002766,10.561021281009692,27,3.3637962915279256,1.4766327340452732,27,5.511652849338673,6.450109221536927,27
Breast: Breast - Mammary Tissue,13.190442117777735,4.72778859774791,66,21.714735052802347,7.912154500707672,66,13.407000144322716,2.888212194182078,66,3.1885332483233833,0.9379727050985656,66,1.1427146106196404,2.50458469337744,66,2.8846488576946836,0.7642957460181986,66,2.3680906331900395,0.8488120095991212,66,16.18789278377186,9.836684934374798,66,0.14523083262258404,0.12621547206021672,66,3.1715265295722266,1.0538813851902047,66,25.921225085402984,9.382835539932541,66
Cervix Uteri: Cervix - Ectocervix,20.59629428386687,13.03205343789903,6,21.591736475626632,6.140518254672098,6,13.91341114044189,4.880517871295501,6,2.8552636504173265,1.0818913505217806,6,1.4035919482509287,0.9971546954290335,6,6.67041816314062,6.6819969628772995,6,1.7518124381701152,1.07512128458258,6,19.884831110636405,9.999916201298474,6,0.9219518701235456,0.5132977231932838,6,2.9531308809916186,0.6226027802852521,6,33.93579292297364,21.407861580186932,6
Cervix Uteri: Cervix - Endocervix,19.762988408406535,5.805965994159264,3,27.956793785095233,15.587222927568881,3,17.22030639648437,0.39030511561686415,3,3.6944382190704332,0.6179176095844354,3,2.21311326821645,0.6039287964957516,3,2.8908389409383166,0.7798195068249849,3,2.0432954231898,0.7764716658054169,3,23.019237518310565,0.3389558996401545,3,0.7198801239331564,0.23222414744208483,3,3.5925188859303803,0.8694588229155965,3,22.3226235707601,7.201675131834296,3
Colon: Colon - Sigmoid,26.397759217482353,5.705541922993316,13,13.412565378042377,6.164307909388523,13,16.597304784334614,1.9205740384651597,13,2.235905161270728,0.48517643541543387,13,6.6310455982501715,3.1642283118226033,13,2.3343791503172646,0.49333296307316926,13,1.0356115423716026,0.512706119004027,13,19.805680128244266,4.828038070665318,13,0.9946614022438348,1.1757771148025737,13,2.783810092852666,0.6403648802780063,13,14.135290659390968,5.1201481110628135,13
Colon: Colon - Transverse,10.053664535772604,7.182686981463144,61,30.37087384208304,7.750137293614919,61,11.77016022947968,1.8876583879153541,61,3.2997631166802077,0.6000689637021452,61,1.9671768971153947,1.2820780204136917,61,2.466633192828444,0.5657139117438353,61,2.3233214206382873,0.7658044711228884,61,18.646066087191222,2.284164382340537,61,13.000287833760996,5.770944295071266,61,5.564210614220041,1.1947601945280484,61,13.677038138030007,4.684243566271056,61
Esophagus: Esophagus - Gastroesophageal Junction,26.476766326210715,9.397945363982766,22,11.213347825137047,3.153881243378874,22,15.503784266385162,2.5406910905479747,22,1.938998314467343,0.30052202916738735,22,2.226389760998162,1.1340150747825752,22,2.190142154693604,0.4610645423012898,22,0.9592045911333776,0.40063157229355995,22,31.876557696949362,9.608123165227619,22,0.5289591645652597,0.3284432083481149,22,2.664252812212165,0.5553878265895867,22,16.844885587692257,9.200483873086421,22
Esophagus: Esophagus - Mucosa,6.092832556310689,1.646867718728656,106,17.60593710305556,5.360401068665447,106,11.167993410578312,1.623350615697062,106,1.8796649153502483,0.44940326413062104,106,1.371410051185005,1.133442553785116,106,15.636920191207023,5.149461368386241,106,2.9319009139852703,1.041533976119234,106,6.748156210161606,1.9075492327094647,106,0.22022167522952238,0.17592917571510835,106,3.667056238876199,0.8752284648897302,106,67.36813550625206,30.20685618415804,106
Esophagus: Esophagus - Muscularis,32.839023127700344,9.002028078366404,99,9.849487482899367,2.7546024504139375,99,15.96389743535206,2.53537984683354,99,1.797538243158899,0.38031923342184054,99,1.3863927629409412,1.0309130160325901,99,2.2434180384934552,0.47766603440286626,99,0.9437199542016697,0.4710578433591597,99,32.082733645583644,7.814373102771138,99,0.4804590719215797,0.33215772281447264,99,2.5360950267676152,0.5659587435072603,99,17.34344933249734,9.547585455361451,99
Fallopian Tube: Fallopian Tube,21.062329769134518,8.607063348271142,6,16.914117018381756,7.058844360086705,6,15.739385445912683,3.117295978356348,6,3.1847908496856685,0.3199747058803496,6,1.3528705139954882,1.3679069928217913,6,3.312851945559183,0.7733245383164461,6,1.0720675786336262,0.2762075181430444,6,11.668058395385751,1.459376207757924,6,0.43375299870967865,0.26386688669645275,6,2.7927292982737217,1.109848943412646,6,25.169037501017268,4.76398382361322,6
Heart: Heart - Atrial Appendage,3.047853494945326,1.1255053687700707,38,11.062064534739452,5.1316828453421905,38,6.611150076514797,1.3316120627086807,38,1.9615733121570795,0.532217460944506,38,7.953346669673917,4.4419216889938395,38,3.793484157637546,1.248767809075891,38,0.9811446792200992,0.5123927893150699,38,13.489061330494119,3.6940890883027557,38,0.3375381084257051,0.19546236429220754,38,1.808359607269889,0.3621959156541158,38,9.336387715841598,4.450884878329,38
Heart: Heart - Left Ventricle,4.7360719618044405,1.5870315121830383,95,7.210418239392732,2.4047156374308982,95,5.959892737238031,1.7392166295161213,95,2.163452091969942,1.0272040771417144,95,15.537832486002069,7.838281538009582,95,2.516330139260543,1.0318538212662196,95,0.8187091959150216,0.9273571017175988,95,12.615081977844243,3.6654144864422933,95,1.3392516145188555,1.0572562242252836,95,1.28700007451208,0.36133063432948664,95,8.686163256042882,7.0474588750840805,95
Kidney: Kidney - Cortex,7.746494799852375,4.87360536074928,8,21.425609230995175,10.116259149773464,8,12.320458531379693,3.7022403251236766,8,1.915741771459579,1.2348371588242197,8,4.054527133703231,2.36008013308842,8,2.4005561247468,1.1066758240704615,8,0.8037861809134478,0.2361332743690529,8,13.368234872817995,4.1758622766172255,8,0.14687747415155172,0.0918029579235323,8,3.04394380748272,1.3131155788456796,8,10.89942336082458,3.815245071591008,8
Liver: Liver,0.9101867114796356,0.37914817857686955,34,9.821227880085218,4.5359537339559,34,5.799912887461044,1.9992020670408854,34,1.5296271495959335,0.39389214162087266,34,8.29978435837171,11.96006450984894,34,1.6044731929021725,0.6715861508831085,34,1.530634166563258,1.0902720249584386,34,8.56592521947973,3.136079150035557,34,0.5951204961713621,0.4317309849951554,34,1.4681984221234026,0.6324264465896297,34,6.882301299011005,4.351850437475465,34
Lung: Lung,12.202327825073015,4.640870388478029,133,14.188573514608512,3.833795008239909,133,13.781993353277219,2.4154445644192335,133,2.6044716283791045,0.8069928985101972,133,4.527899183949135,2.8177662288067924,133,2.7722875166656378,0.7227962523641298,133,1.91601432355723,0.696697916239207,133,11.579424517495292,1.9996792135301402,133,0.4080912417038938,0.32160670853039547,133,2.0826710735944878,0.5887680209282236,133,36.99692550099881,23.648948114724057,133
Muscle: Muscle - Skeletal,2.0893665738166516,0.8435242613696781,157,4.340380039944011,1.6272169479899792,157,4.619438208592166,1.5460456854594564,157,0.5098194345167488,0.24081136454459295,157,118.2369187834916,52.133519345488395,157,2.2874935425011214,0.8672874117933856,157,1.34991469201009,0.8021500688227831,157,6.442816020576816,2.719923812753773,157,2.1123974972232507,6.331452483467582,157,2.562385249289737,0.9145642935042847,157,9.440829399285043,6.224317945709527,157
Nerve: Nerve - Tibial,17.887926637080675,4.702205370124215,114,36.15405711793063,11.3052369049218,114,15.618120394254982,2.15528301172378,114,4.332950742621171,1.3632737145469072,114,1.4430872929331504,1.3852214229005047,114,2.776296058244873,0.6480688703702386,114,1.7643977706892449,0.5459491183341671,114,32.466329524391575,7.318780902979682,114,0.12228486768639925,0.09437946055980391,114,3.33992890726056,0.9459299418789273,114,32.81235911553366,14.491927064704068,114
Ovary: Ovary,6.132044601440429,1.7989362671320561,35,24.711704989842012,6.389358281093686,35,17.789258602687294,2.900826990255984,35,3.7499973160879954,0.5200564764770643,35,0.27387378516473954,0.31664948347757504,35,2.4084862368447433,0.6084048377032738,35,0.9255686223506927,0.37739365451987933,35,9.731177616119387,2.128602555559367,35,0.301661401135581,0.2620380221229496,35,3.280361328806196,0.5842842646181473,35,11.250400488717215,3.436941024274091,35
Pancreas: Pancreas,2.291178143941439,0.5538581480530534,65,11.810981625777025,3.2543903680289157,65,8.108670513446512,1.9131412008681634,65,1.9980983220613924,0.42241229320082574,65,0.3099524909487137,0.28127785463521715,65,1.3964077215928297,0.4110637626006302,65,1.0132205880605254,0.29494772502053984,65,6.212451773423415,1.2557556517776487,65,0.7033249415457248,0.47150517065127984,65,1.9076859620901252,0.6125976492513429,65,9.701332374719472,4.5662394529385,65
Pituitary: Pituitary,3.304399598728526,1.921235930155419,22,33.592131094499074,6.304387511665023,22,18.152261083776303,2.091017866876353,22,3.770741993730718,0.818275868502121,22,0.3750598137266934,0.710146312209594,22,5.2580120021646675,1.517383002910937,22,1.9336194775321274,0.711882425247951,22,8.161403005773368,1.9026415277474966,22,0.32505586895753047,0.4028423636989587,22,11.923295216126872,1.9373367463482167,22,14.794580698013313,8.08227704918512,22
Prostate: Prostate,11.028490021115257,2.8800242289699893,42,32.176314626421245,11.694273028275552,42,14.746624583289737,2.467403735655639,42,2.6694494202023464,0.5770398393027919,42,5.400591264168421,4.770053779368703,42,2.9659980138142905,0.8002795070658205,42,1.264696837890716,0.42466045846959055,42,16.01934335345315,3.60295160723131,42,0.6467502301647547,0.5508670485527102,42,4.511811142876034,1.151153414606872,42,23.210921787080306,8.702954117851572,42
Salivary Gland: Minor Salivary Gland,8.138293361663816,2.2376274155966427,5,21.133399200439463,2.477268115618348,5,11.276940536499033,1.9428692346208802,5,2.6814153909683243,0.5720750385793021,5,2.052396535873413,1.5789155770966385,5,7.026751708984378,5.554851120665303,5,2.346025085449218,0.7472728298110295,5,7.3061092376709,1.5327772940898226,5,0.8729348540306093,0.3869995397061233,5,4.459304141998293,0.10280586688225032,5,52.12715206146246,53.92746116449081,5
Skin: Cells - Transformed fibroblasts,1.7976450418272325,0.8702720529847322,155,11.211378968146539,2.197537573719748,155,13.264462068003994,3.97618849079019,155,3.2850353348639705,0.4953469929492582,155,0.6166886288252088,0.607820684551479,155,4.1225235977480486,1.137916145112663,155,2.798725986480713,1.0140530520671156,155,8.24158340423338,3.564250747747786,155,1.8240602750451331,1.652900760411376,155,1.6511020720005036,0.7457911131867251,155,20.97022285153789,11.37990751457467,155
Skin: Skin - Not Sun Exposed (Suprapubic),12.337913350361152,2.8797553623738783,41,30.158250273727784,8.12948142692683,41,13.401949754575398,3.599795355869125,41,2.0693856288747097,0.6508675574036465,41,0.27943396636443896,0.2281031909900718,41,14.797443482933975,3.232590198268101,41,2.790138535383271,1.2518766405297919,41,7.09697469269357,1.597402710798744,41,0.3697111732894326,0.22893766347143543,41,4.266998855079093,1.3357312741835317,41,40.016291641607516,15.370315173434548,41
Skin: Skin - Sun Exposed (Lower leg),12.850128487935143,3.060125376267605,126,32.31170662622603,9.235587819292906,126,16.21830832769,4.101095763309664,126,2.001103607908128,0.6819817816367019,126,0.28507161678539383,0.22401589036481828,126,15.080627808495175,3.9132126772349367,126,2.4131884593812245,0.9930470319644591,126,7.605567250932964,1.7868782292227436,126,0.3849945485828415,0.23140944748065706,126,3.649937290993948,1.0212295226152694,126,43.675016887604244,12.900944968619065,126
Small Intestine: Small Intestine - Terminal Ileum,22.325164205887738,21.01746689910675,17,21.087266809800095,7.414136251687925,17,12.791744007783777,2.355743028682891,17,2.5874608264249934,0.4592221260907411,17,1.693943712641211,0.9919560267428725,17,2.833960189538844,0.9533265288636816,17,2.680936879971448,1.4084421156299476,17,19.677474134108603,4.379891438141266,17,7.005214882247596,5.4939719567591325,17,5.17511986283695,1.8185315914466496,17,14.307884132160872,5.474987263331102,17
Spleen: Spleen,15.894824084113626,2.651736565341923,34,20.868689901688523,3.7705283342689446,34,16.79673259398517,1.4352256757875137,34,2.887917914811302,0.5315469960547058,34,2.655807118205463,1.4301674271461038,34,2.9623340368270874,0.6735669987344926,34,1.977035722311805,0.3495515979193498,34,16.09116049373851,2.984382033155958,34,0.23631124592879235,0.11383166796200331,34,3.3521550788598904,0.925957777170759,34,12.289862197988176,4.741568816962558,34
Stomach: Stomach,14.313914905359715,16.406829277078316,81,16.42468563715617,6.198122638756891,81,11.8603981571433,2.8186346492138417,81,2.65732232288078,0.6594982504853514,81,1.3326559101495836,2.33377594583324,81,2.736794581383834,0.692478225433424,81,1.1572713123427494,0.35049673195931697,81,11.405643969406318,4.547311903038972,81,8.082544456569504,7.599932901559145,81,3.6525136497285633,1.5422694612920644,81,17.934647259888827,14.01824836069008,81
Testis: Testis,3.219741614659627,0.67014007952862,60,20.064390007654826,2.7439740512839434,60,28.448259290059408,2.7286777599550054,60,1.9817721009254456,0.392584444030065,60,0.2616411715435485,0.25915135670017947,60,9.3553840637207,1.5220843016650218,60,1.1869943300882977,0.22895696045216735,60,14.78134546279907,2.981778201116896,60,11.708934370676673,3.838640225576,60,8.332605274518333,1.454860100238258,60,7.014457436402637,2.145001246075901,60
Thyroid: Thyroid,5.646760217348734,1.6861837682924725,120,26.416335018475852,5.987313136382181,120,13.673957904179893,1.794161497935905,120,3.4744513889153796,0.7865132967106021,120,7.989162156979244,3.4591076552869207,120,2.6307643254597983,0.5579050091269039,120,1.8461890866359074,0.591081074001982,120,9.490532004833222,1.8244233561950585,120,0.15031708780055245,0.08761148318368059,120,6.227507243553798,1.6495721795261202,120,17.044519642988842,8.078337874094355,120
Uterus: Uterus,34.12329541312323,12.150579251271527,36,27.539341105355152,11.81364158793444,36,18.96457836363051,4.0662268481523,36,3.1112271216180587,0.5839011526854755,36,2.4691930702990965,2.382154995984357,36,3.287009457747142,0.6626601063311894,36,0.9901322606537073,0.3690675821961737,36,22.150185134675763,6.38684492590859,36,0.37987176328897476,0.2221333177507315,36,2.996049794885847,1.0217771818899075,36,16.45167414347331,6.913280105838025,36
Vagina: Vagina,10.992395485148709,5.850654092233636,34,25.085033080157114,7.0580291416604775,34,11.024700529435101,2.5428925982648036,34,2.7153552910860848,0.6080802208912711,34,1.863993132377372,1.5273514196879665,34,8.78344400490031,5.127404722346365,34,1.8908759127644932,0.8974561859621548,34,13.571644572650696,6.6013845009514105,34,0.7486591268988222,0.36507605497297424,34,3.5503746393848874,0.9639509905860759,34,34.17553848378798,14.24560941056092,34
